117, 139, 22, 21, 81, 89, 80, 77, 185, 28, 35, 192, 108, 104, 162, 120, 97, 154, 38, 91, 132, 181, 100,
42, 90, 94, 147, 199, 16, 51, 111, 195, 96, 3, 2, 145, 123, 146, 48, 109, 98, 128, 184, 124, 54, 194, 52,
121, 20, 200, 82, 93, 126, 33, 47, 24, 53, 140, 188, 180, 73, 136, 197, 43, 116, 46, 13, 142, 74, 102, 179, 
39, 30, 58, 191, 155, 63, 193, 78, 18, 114, 85, 163, 64, 118, 
29, 177, 86, 87, 113, 166, 70, 95, 127, 135, 148, 40, 106, 76, 25, 68, 
1, 44, 173, 182, 144, 83, 15, 115, 149, 49, 66, 119, 14, 189, 5, 26, 165, 
107, 157, 88, 110, 156, 31, 71, 176, 36, 12, 129, 37, 125, 175, 153, 4, 133, 59, 
160, 60, 92, 178, 174, 62, 27, 170, 55, 152, 172, 103, 50, 169, 143, 7, 168, 79, 
9, 190, 186, 101, 134, 72, 61, 151, 75, 171, 196, 65, 19, 17, 137, 150, 99, 11, 10, 
187, 161, 164, 67, 112, 6, 8, 158, 57, 122, 84, 23, 138, 45, 183, 131, 159, 69, 141, 
34, 41, 130, 167, 56, 105, 32, 198
